0
1
61
834
864
865
866
867
868
869
870
871
874
875
878
879
880
881
882
883
884
898
900
901
902
903
904
905
915
916
917
933
934
935
936
937
938
939
940
941
952
1280
1281
1282
1283
1284
1285
1431
1432
1433
1434
1435
2053
2054
2055
2056
2057
2058
2059
2060
2061
2135
2136
2137
2138
2139
2151
2152
2153
2154
2155
2156
2157
2158
2159
2219
2220
2221
2222
2223
2595
2611
2612
2614
2615
2617
2618
2620
2621
3391
3392
3393
3394
3395
3396
3397
3398
3399
3482
3483
3485
3486
3487
3488
3489
3490
3491
3492
3493
3494
3495
3496
3497
3498
3499
3500
3542
3543
3544
3545
3546
3547
3548
3549
3550
3572
3573
3574
3575
3576
3577
3578
3579
3580
3581
3592
3593
3594
3595
3596
3597
3598
3599
3600
3628
3629
3630
3631
3632
3633
3634
3635
3636
3660
3661
3662
3663
3664
3665
3666
3667
3674
3763
3764
3765
3766
3767
3768
3769
3770
3771
3910
3911
3912
3913
3927
4016
4020
4021
4022
4023
4024
4025
4026
4027
4028
4056
4081
4082
4083
4511
4512
4513
4514
4515
4517
4518
4519
4520
4637
4638
4639
4640
4641
4642
4643
4644
4645
4646
4647
4648
4649
4650
4651
4655
4656
4657
4658
4659
4660
4661
4662
4663
4699
4700
4701
4702
4703
4704
4705
4706
4707
4755
4756
4757
4758
4759
4760
4761
4762
4763
4805
4806
4807
4808
4809
4810
4811
4812
4813
4883
4884
4885
4886
4934
4935
4937
4938
5016
5017
5018
5019
5020
5021
5022
5023
5024
5025
5026
5027
5028
5029
5032
5046
5047
5048
5049
5050
5052
5053
5054
5055
5271
5272
5273
5274
5275
5276
5277
5278
5279
5317
5340
5343
5344
5345
5346
5347
5348
5349
5350
5351
5365
5366
5367
5368
5369
5370
5371
5372
5373
5402
5403
5404
5405
5406
5407
5408
5409
5410
5414
5415
5416
5417
5418
5419
5420
5421
5422
5489
5490
5491
5492
5493
5494
5495
5496
5497
5511
5512
5513
5514
5515
5516
5517
5518
5519
5576
5578
5579
5580
5673
5694
5695
5696
5727
5728
5729
5730
5731
5732
5733
5734
5735
5757
5758
5759
5760
5803
5804
5805
5806
5807
5808
5809
5810
5811
5843
5844
5845
5846
5847
5848
5849
5850
5851
5943
5944
5945
5946
5947
5948
5949
5955
5956
6097
6100
6101
6102
6103
6104
6105
6106
6107
6108
6109
6110
6111
6112
6113
6114
6144
6145
6146
6147
6148
6149
6150
6151
6152
6177
6178
6179
6180
6181
6182
6183
6212
6213
6214
6215
6216
6217
6218
6219
6220
6221
6222
6223
6244
6245
6246
6247
6249
6250
6251
6252
6254
6267
6268
6269
6270
6272
6273
6274
6275
6276
6277
6278
6279
6280
6281
6282
6283
6284
6303
6304
6305
6306
6307
6308
6309
6310
6311
6404
6405
6406
6407
6408
6409
6410
6411
6412
6754
6755
6756
6757
6758
6759
6760
6761
6762
6961
6962
6963
6964
6965
6966
6967
6968
6969
7002
7003
7004
7005
7006
7007
7008
7009
7010
7044
7045
7046
7047
7048
7049
7050
7051
7052
7085
7086
7087
7088
7089
7090
7091
7092
7093
7140
7141
7142
7143
7144
7145
7146
7147
7148
7204
7205
7206
7207
7208
7209
7210
7211
7212
7213
7214
7215
7216
7217
7218
7220
7221
8132
8133
8135
8136
8137
8138
8139
8141
8142
8143
8144
8150
8153
8154
8155
8156
8157
8158
8160
8161
8162
8163
8164
8165
8166
8167
8961
8962
8964
8965
9100
9101
10142
10224
10225
10271
10272
10282
10283
10290
10291
10292
10293
10294
10295
10296
10297
10298
10330
10331
10332
10333
10334
10335
10336
10337
10338
10382
10383
10385
10387
10388
10389
10390
10391
11462
11463
11464
11465
11466
