1
4
5
6
7
10
11
12
13
14
15
16
33
34
35
76
77
78
79
80
81
82
83
84
85
86
87
99
100
101
102
103
104
105
106
107
108
109
110
111
112
113
114
115
116
117
118
119
120
121
122
123
124
125
126
127
128
129
130
131
170
171
191
192
193
194
197
198
201
202
210
211
212
213
214
215
228
229
230
231
232
233
234
235
236
237
238
239
240
241
242
243
244
245
246
247
248
250
251
253
254
262
263
264
265
266
279
280
281
282
283
284
290
291
292
293
294
300
301
302
303
304
338
339
340
376
377
378
379
380
381
383
384
385
386
387
388
389
412
413
414
415
416
417
418
419
420
421
425
426
427
428
429
431
432
440
441
442
443
444
445
446
447
448
449
450
451
452
453
454
455
456
457
458
459
460
461
462
463
464
465
466
467
468
469
470
471
472
473
474
475
476
477
478
487
488
489
490
491
492
493
494
495
496
497
498
499
500
501
502
503
504
505
506
507
508
509
510
511
512
513
514
515
516
517
518
519
520
521
522
523
524
525
526
527
528
529
530
531
532
533
542
551
552
553
554
559
560
561
562
563
564
565
566
567
572
573
574
575
576
581
582
583
584
585
597
599
601
602
603
606
607
616
650
652
673
674
675
679
682
689
690
691
692
693
694
695
696
722
723
724
725
726
727
728
733
734
735
736
737
738
739
740
741
742
744
745
746
747
748
768
774
775
776
777
778
779
780
781
782
783
784
785
786
787
788
789
790
791
792
793
794
795
796
797
798
799
800
801
802
803
804
805
806
807
808
809
810
813
814
815
816
817
818
819
820
821
822
823
824
825
826
838
839
840
841
842
843
844
845
846
847
848
849
850
851
852
853
862
863
864
865
866
867
868
869
870
871
872
874
875
876
877
878
879
880
881
882
883
884
885
886
887
890
919
920
921
922
923
924
925
926
927
928
929
930
931
932
933
934
935
936
937
938
939
940
941
942
943
944
945
946
947
948
949
950
955
956
960
961
969
970
971
972
973
974
975
976
977
978
979
980
981
982
983
1040
1041
1042
1043
1044
1045
1046
1050
1051
1052
1053
1054
1055
1056
1057
1058
1059
1060
1061
1062
1063
1064
1065
1066
1067
1068
1069
1070
1071
1072
1075
1088
1089
1090
1091
1092
1093
1094
1095
1096
1097
1098
1099
1100
1101
1102
1103
1104
1105
1106
1107
1108
1109
1110
1111
1112
1113
1114
1115
1116
1117
1121
1122
1123
1124
1125
1126
1127
1128
1129
1130
1131
1132
1133
1134
1135
1136
1147
1148
1149
1150
1151
1152
1153
1154
1155
1156
1157
1158
1159
1160
1161
1162
1164
