61
4511
4512
4513
4514
4515
4518
4519
4520
4521
4522
4523
4524
4525
4526
4527
4528
4529
4530
4531
4532
4533
4534
4535
4537
4538
4539
4540
4542
4543
4544
4545
4547
4548
4550
4551
4553
4554
4556
4557
4559
4560
4562
4563
4565
4566
4568
4569
4570
4571
4572
4573
4574
4575
4576
4577
4578
4579
4580
4581
4582
4583
4584
4586
4587
4590
4591
4594
4595
4598
4599
4602
4603
4606
4607
4610
4611
4614
4615
4618
4619
4622
4623
4626
4627
4630
4631
4634
4635
8168
8177
8178
8179
8180
8181
8182
8183
8184
8185
8186
8187
8188
8189
8190
8191
8192
8193
8194
8195
10372
10373
