5148
5149
5150
5151
5152
5154
5155
5156
5157
5158
5160
5161
5162
5163
5164
5172
5173
5174
5175
5176
5178
5179
5180
5181
5182
5184
5185
5186
5187
5188
5190
5191
5192
5193
5194
5196
5197
5198
5199
5200
5202
5203
5204
5205
5206
5208
5209
5210
5211
5212
5214
5215
5216
5217
5218
5220
5221
5222
5223
5224
5226
5227
5228
5229
5230
5232
5233
5234
5235
5236
11399
11400
11402
11403
11404
11405
11406
11407
11408
11409
11410
11411
11412
11413
11414
11415
11416
11417
11420
11421
11422
11423
11424
11425
11426
11427
11428
11429
11430
11431
11432
11433
11434
11436
11437
11438
11439
11440
11441
11442
11443
