61
952
2611
2612
2614
2615
2617
2618
2620
2621
2623
2624
2626
2627
2629
2630
2632
2633
2635
2636
2638
2639
2641
2642
2644
2645
2647
2648
2650
2651
2653
2654
2656
2657
2659
2660
2662
2663
2665
2666
2668
2669
2670
2671
2672
2673
2674
2675
2676
2677
2678
2679
2680
2681
2682
2683
2684
2685
2686
2688
2689
2690
2691
2692
2693
2694
2695
2696
2697
2698
2699
2700
2701
2702
2703
2704
2705
2706
2707
2708
2709
2710
2711
2712
2713
2714
2715
2716
2717
2718
2719
2720
2721
2722
2723
2724
2725
2726
2727
2728
2729
2730
2731
2732
2733
2734
2735
2736
2737
2738
2739
2740
2741
2742
2743
