25
61
583
584
585
586
587
588
589
590
591
592
593
594
595
596
597
599
601
602
603
605
606
607
608
609
610
611
612
613
614
615
616
617
618
619
734
739
740
741
742
743
1109
1162
1163
1164
1165
1166
1167
1168
1633
1634
1646
1694
1695
1696
1697
1698
1699
1700
1701
1702
1703
1704
1705
1706
1707
1708
1709
1710
1711
1712
1713
1714
1715
1716
1717
1718
1719
1720
1721
1738
1739
1740
1741
1742
1743
1744
1745
1746
1747
1748
1749
1750
1751
1752
1753
1754
1755
1756
1757
1758
1759
1760
1761
1762
1763
1764
1765
1766
1767
1768
1769
1770
1772
1773
1774
1775
1776
1777
1778
1779
1780
1781
1782
1783
1784
1785
1786
1787
1788
1789
1790
1791
1792
1793
1794
1795
1796
1797
1798
1799
1800
1801
1802
1803
1804
1805
1806
1807
1808
1809
1810
1811
1812
1813
1814
1815
1816
1817
1818
1819
1820
1821
1822
1823
1824
1825
1826
1827
1828
1829
1830
1831
1832
1833
1834
1835
1836
1837
1838
1839
1840
1841
1842
1843
1845
1846
1847
1848
1849
1850
1851
1852
1853
1854
1855
1856
1857
1858
1859
1860
1861
1862
1863
1864
1865
1866
1867
1868
1869
1892
1895
1896
1897
1959
1998
1999
2000
2001
2003
2004
2005
2006
2007
2008
2009
2010
2011
2012
2013
2014
2015
2029
2033
2034
2036
2046
5328
5329
5330
5331
5332
5333
5334
5335
5336
5337
5338
5339
