561
562
563
564
565
566
567
568
569
570
571
572
574
575
576
579
580
581
582
583
584
585
586
587
588
589
590
591
592
593
594
595
596
597
598
601
637
638
639
640
641
642
643
644
647
648
649
650
657
659
660
661
662
663
664
665
666
667
668
669
670
671
672
673
674
675
676
677
678
679
680
682
684
685
686
687
688
690
691
692
693
694
704
705
706
707
708
709
710
711
712
713
717
718
719
720
722
723
724
725
726
727
728
729
730
731
732
733
734
735
736
737
738
739
740
741
742
743
744
745
746
747
748
749
750
751
752
753
754
755
756
816
817
818
819
820
828
829
