11
12
13
14
15
16
23
33
34
35
45
46
47
48
49
50
191
210
211
212
213
214
215
228
229
230
231
232
233
234
235
236
237
238
239
240
241
242
243
250
251
376
377
378
379
380
381
383
442
445
452
456
530
559
563
577
578
579
580
586
587
588
589
590
591
592
593
595
597
604
605
606
607
608
609
610
611
612
613
614
615
616
617
618
619
620
621
622
623
624
626
627
628
629
630
631
632
633
634
635
636
637
638
639
640
641
642
643
644
645
646
647
648
649
650
651
652
653
654
655
656
657
658
687
744
745
746
747
748
768
